1,12
2,1
3,1
4,16
5,15
6,12
7,14
8,15
9,6
10,1
11,11
12,15
13,14
14,15
15,15
16,9
17,18
18,1
19,1
20,15
21,8
22,5
23,16
24,14
25,12
26,3
27,7
28,6
29,18
30,2
31,13
32,11
33,16
34,16
35,15
36,15
37,17
38,19
39,15
40,17
41,17
42,2
43,3
44,8
45,11
46,12
47,17
48,6
49,17
50,16
51,18
52,13
53,5
54,3
55,5
56,17
57,15
58,13
59,13
60,2
61,3
62,12
63,17
64,4
65,11
66,4
67,17
68,19
69,8
70,5
71,6
72,13
73,1
74,5
75,12
76,9
77,6
78,19
79,15
80,11
81,5
82,1
83,8
84,11
85,14
86,16
87,5
88,12
89,5
90,11
91,9
92,17
93,6
94,16
95,12
96,11
97,15
98,3
99,5
100,6
101,12
102,13
103,12
104,3
105,15
106,14
107,15
108,18
109,11
110,2
111,12
112,10
113,4
114,12
115,3
116,12
117,16
118,9
119,17
120,15
121,5
122,13
123,1
124,13
125,12
126,14
127,17
128,8
129,7
130,3
131,6
132,12
133,12
134,17
135,7
136,9
137,9
138,17
139,8
140,17
141,13
142,5
143,5
144,6
145,13
146,3
147,4
148,11
149,9
150,12
151,8
152,9
153,4
154,11
155,8
156,9
157,11
158,11
159,7
160,16
161,13
162,14
163,15
164,6
165,7
166,18
167,18
168,6
169,3
170,3
171,16
172,5
173,11
174,8
175,5
176,11
177,18
178,4
179,18
180,15
181,13
182,17
183,11
184,12
185,13
186,16
187,3
188,19
189,12
190,1
191,18
192,3
193,1
194,3
195,6
196,1
197,11
198,15
199,11
200,1
201,17
202,5
203,4
204,11
205,9
206,6
207,18
208,16
209,1
210,14
211,12
212,15
213,11
214,17
215,13
216,11
217,16
218,16
219,16
220,5
221,14
222,12
223,2
224,1
225,11
226,3
227,11
228,5
229,13
230,6
231,16
232,14
233,14
234,4
235,14
236,1
237,17
238,5
239,11
240,4
241,2
242,13
243,8
244,9
245,12
246,17
247,17
248,9
249,5
250,2
251,7
252,18
253,18
254,11
255,13
256,8
257,6
258,1
259,8
260,14
261,10
262,2
263,11
264,5
265,15
266,6
267,14
268,4
269,18
270,7
271,15
272,5
273,16
274,6
275,17
276,8
277,5
278,17
279,11
280,4
281,3
282,7
283,7
284,13
285,14
286,1
287,3
288,3
289,1
290,5
291,6
292,3
293,3
294,14
295,10
296,14
297,3
298,15
299,13
300,14
301,13
302,19
303,9
304,14
305,15
306,1
307,15
308,18
309,1
310,5
311,15
312,14
313,5
314,5
315,13
316,18
317,7
318,15
319,3
320,6
321,1
322,18
323,14
324,9
325,16
326,3
327,4
328,6
329,1
330,7
331,6
332,5
333,13
334,3
335,5
336,19
337,12
338,7
339,16
340,1
341,12
342,5
343,5
344,8
345,18
346,10
347,17
348,10
349,1
350,11
351,1
352,17
353,13
354,9
355,18
356,18
357,14
358,4
359,13
360,18
361,6
362,1
363,14
364,8
365,7
366,3
367,5
368,14
369,6
370,11
371,9
372,14
373,5
374,9
375,6
376,15
377,19
378,10
379,14
380,6
381,5
382,10
383,6
384,16
385,3
386,19
387,9
388,18
389,19
390,9
391,18
392,17
393,18
394,14
395,5
396,15
397,4
398,5
399,18
400,7
401,18
402,5
403,1
404,17
405,18
406,7
407,6
408,19
409,15
410,3
411,7
412,13
413,14
414,1
415,13
416,13
417,19
418,10
419,11
420,16
421,15
422,11
423,17
424,19
425,15
426,11
427,7
428,5
429,18
430,14
431,12
432,17
433,8
434,5
435,13
436,1
437,2
438,13
439,19
440,18
441,10
442,2
443,16
444,1
445,5
446,5
447,8
448,19
449,5
450,18
451,12
452,16
453,11
454,1
455,18
456,6
457,8
458,14
459,12
460,3
461,11
462,13
463,3
464,14
465,15
466,18
467,17
468,10
469,5
470,18
471,14
472,3
473,9
474,19
475,4
476,14
477,18
478,11
479,3
480,14
481,1
482,8
483,16
484,5
485,6
486,13
487,1
488,13
489,15
490,6
491,5
492,3
493,18
494,6
495,18
496,14
497,17
498,5
499,5
500,11
501,6
502,9
503,1
504,16
505,6
506,13
507,11
508,18
509,5
510,15
511,12
512,13
513,13
514,5
515,6
516,12
517,17
518,5
519,9
520,11
521,16
522,6
523,1
524,6
525,15
526,5
527,13
528,5
529,11
530,12
531,5
532,18
533,5
534,14
535,11
536,11
537,6
538,17
539,11
540,12
541,15
542,18
543,17
544,4
545,1
546,13
547,17
548,17
549,5
550,11
551,13
552,17
553,14
554,12
555,3
556,19
557,5
558,5
559,17
560,16
561,16
562,14
563,1
564,2
565,2
566,11
567,17
568,3
569,1
570,6
571,16
572,12
573,10
574,6
575,11
576,2
577,14
578,14
579,1
580,17
581,7
582,2
583,14
584,15
585,9
586,9
587,1
588,6
589,14
590,11
591,19
592,13
593,13
594,7
595,19
596,5
597,17
598,8
599,5
600,12
601,11
602,16
603,16
604,17
605,17
606,1
607,6
608,15
609,6
610,19
611,17
612,12
613,11
614,9
615,11
616,5
617,5
618,11
619,6
620,6
621,15
622,9
623,19
624,18
625,17
626,14
627,1
628,15
629,1
630,18
631,4
632,15
633,8
634,9
635,5
636,5
637,19
638,18
639,14
640,12
641,18
642,18
643,4
644,6
645,14
646,5
647,8
648,14
649,16
650,5
651,1
652,18
653,6
654,14
655,3
656,9
657,9
658,8
659,19
660,16
661,11
662,18
663,14
664,12
665,11
666,18
667,17
668,5
669,15
670,7
671,13
672,3
673,1
674,19
675,10
676,17
677,7
678,2
679,14
680,14
681,17
682,18
683,5
684,1
685,13
686,16
687,15
688,7
689,18
690,6
691,12
692,18
693,6
694,11
695,18
696,17
697,5
698,13
699,5
700,12
701,15
702,5
703,10
704,14
705,7
706,9
707,19
708,5
709,14
710,18
711,14
712,18
713,13
714,16
715,18
716,17
717,17
718,5
719,1
720,12
721,14
722,8
723,15
724,14
725,19
726,14
727,12
728,14
729,13
730,19
731,3
732,6
733,6
734,9
735,6
736,3
737,8
738,6
739,6
740,15
741,9
742,16
743,17
744,19
745,17
746,6
747,13
748,6
749,5
750,19
751,5
752,11
753,5
754,12
755,3
756,6
757,15
758,15
759,9
760,17
761,5
762,11
763,19
764,6
765,6
766,6
767,18
768,2
769,16
770,12
771,17
772,17
773,11
774,13
775,11
776,13
777,13
778,10
779,3
780,14
781,2
782,5
783,15
784,19
785,18
786,15
787,17
788,17
789,19
790,2
791,18
792,6
793,3
794,7
795,6
796,4
797,9
798,15
799,19
800,18
801,5
802,14
803,7
804,15
805,13
806,9
807,2
808,6
809,5
810,17
811,14
812,13
813,6
814,13
815,17
816,5
817,14
818,5
819,5
820,2
821,6
822,12
823,1
824,9
825,9
826,8
827,5
828,7
829,5
830,14
831,5
832,13
833,13
834,14
835,3
836,12
837,18
838,13
839,9
840,10
841,16
842,2
843,6
844,14
845,15
846,14
847,11
848,9
849,14
850,14
851,4
852,6
853,14
854,11
855,17
856,15
857,3
858,15
859,4
860,11
861,17
862,10
863,18
864,10
865,17
866,15
867,2
868,14
869,18
870,16
871,11
872,11
873,14
874,3
875,12
876,1
877,11
878,11
879,12
880,12
881,15
882,7
883,18
884,15
885,5
886,13
887,5
888,13
889,6
890,6
891,14
892,16
893,18
894,14
895,18
896,7
897,15
898,3
899,5
900,14
901,13
902,16
903,14
904,17
905,5
906,9
907,5
908,12
909,6
910,11
911,4
912,18
913,18
914,10
915,18
916,15
917,14
918,5
919,5
920,3
921,3
922,14
923,11
924,19
925,5
926,3
927,12
928,7
929,18
930,4
931,11
932,13
933,5
934,15
935,6
936,4
937,3
938,11
939,18
940,8
941,15
942,7
943,17
944,18
945,13
946,15
947,12
948,3
949,9
950,9
951,14
952,17
953,5
954,3
955,11
956,3
957,19
958,10
959,8
960,11
961,8
962,15
963,15
964,5
965,18
966,5
967,1
968,7
969,16
970,17
971,14
972,12
973,14
974,6
975,14
976,11
977,14
978,11
979,4
980,1
981,18
982,1
983,10
984,9
985,16
986,7
987,11
988,17
989,9
990,1
991,13
992,12
993,13
994,18
995,3
996,13
997,12
998,12
999,18
1000,10
